0.5	8.51894
0.51	8.59993
0.52	8.67821
0.53	8.75382
0.54	8.82679
0.55	8.89718
0.56	8.96503
0.57	9.03039
0.58	9.09329
0.59	9.15377
0.6	9.21189
0.61	9.26767
0.62	9.32117
0.63	9.37241
0.64	9.42144
0.65	9.4683
0.66	9.51302
0.67	9.55565
0.68	9.59622
0.69	9.63476
0.7	9.67131
0.71	9.7059
0.72	9.73858
0.73	9.76937
0.74	9.79831
0.75	9.82543
0.76	9.85077
0.77	9.87435
0.78	9.89621
0.79	9.91638
0.8	9.93489
0.81	9.95177
0.82	9.96705
0.83	9.98076
0.84	9.99293
0.85	10.0036
0.86	10.0128
0.87	10.0205
0.88	10.0267
0.89	10.0316
0.9	10.0351
0.91	10.0373
0.92	10.0381
0.93	10.0376
0.94	10.0359
0.95	10.0329
0.96	10.0287
0.97	10.0232
0.98	10.0166
0.99	10.0089
1	10
1.01	9.98891
1.02	9.97675
1.03	9.96355
1.04	9.94931
1.05	9.93408
1.06	9.91785
1.07	9.90066
1.08	9.88253
1.09	9.86347
1.1	9.8435
1.11	9.82265
1.12	9.80092
1.13	9.77835
1.14	9.75494
1.15	9.73072
1.16	9.7057
1.17	9.67989
1.18	9.65333
1.19	9.62601
1.2	9.59797
1.21	9.56921
1.22	9.53976
1.23	9.50962
1.24	9.47881
1.25	9.44736
1.26	9.41526
1.27	9.38254
1.28	9.34922
1.29	9.3153
1.3	9.28081
1.31	9.24574
1.32	9.21013
1.33	9.17398
1.34	9.1373
1.35	9.10011
1.36	9.06242
1.37	9.02425
1.38	8.9856
1.39	8.94649
1.4	8.90692
1.41	8.86692
1.42	8.8265
1.43	8.78566
1.44	8.74441
1.45	8.70277
1.46	8.66075
1.47	8.61836
1.48	8.57561
1.49	8.53251
1.5	8.48907
1.51	8.4453
1.52	8.40121
1.53	8.3568
1.54	8.3121
1.55	8.26711
1.56	8.22183
1.57	8.17628
1.58	8.13046
1.59	8.0844
1.6	8.03808
1.61	7.99152
1.62	7.94474
1.63	7.89773
1.64	7.85051
1.65	7.80309
1.66	7.75546
1.67	7.70765
1.68	7.65965
1.69	7.61148
1.7	7.56313
1.71	7.51463
1.72	7.46598
1.73	7.41717
1.74	7.36823
1.75	7.31915
1.76	7.26994
1.77	7.22062
1.78	7.17118
1.79	7.12163
1.8	7.07198
1.81	7.02223
1.82	6.97239
1.83	6.92247
1.84	6.87246
1.85	6.82239
1.86	6.77224
1.87	6.72204
1.88	6.67177
1.89	6.62145
1.9	6.57109
1.91	6.52068
1.92	6.47024
1.93	6.41976
1.94	6.36925
1.95	6.31872
1.96	6.26817
1.97	6.21761
1.98	6.16704
1.99	6.11646
2	6.06587
2.01	6.01529
2.02	5.96472
2.03	5.91415
2.04	5.8636
2.05	5.81307
2.06	5.76256
2.07	5.71207
2.08	5.66161
2.09	5.61119
2.1	5.56079
2.11	5.51044
2.12	5.46013
2.13	5.40986
2.14	5.35964
2.15	5.30948
2.16	5.25936
2.17	5.2093
2.18	5.15931
2.19	5.10937
2.2	5.0595
2.21	5.0097
2.22	4.95997
2.23	4.91031
2.24	4.86073
2.25	4.81123
2.26	4.7618
2.27	4.71246
2.28	4.66321
2.29	4.61404
2.3	4.56496
2.31	4.51597
2.32	4.46708
2.33	4.41828
2.34	4.36958
2.35	4.32097
2.36	4.27247
2.37	4.22408
2.38	4.17578
2.39	4.1276
2.4	4.07952
2.41	4.03155
2.42	3.9837
2.43	3.93595
2.44	3.88833
2.45	3.84081
2.46	3.79342
2.47	3.74614
2.48	3.69899
2.49	3.65195
2.5	3.60504
2.51	3.55825
2.52	3.51159
2.53	3.46505
2.54	3.41864
2.55	3.37236
2.56	3.32621
2.57	3.28019
2.58	3.23431
2.59	3.18855
2.6	3.14293
2.61	3.09744
2.62	3.05209
2.63	3.00687
2.64	2.96179
2.65	2.91685
2.66	2.87205
2.67	2.82739
2.68	2.78286
2.69	2.73848
2.7	2.69424
2.71	2.65014
2.72	2.60618
2.73	2.56236
2.74	2.51869
2.75	2.47516
2.76	2.43178
2.77	2.38854
2.78	2.34545
2.79	2.3025
2.8	2.2597
2.81	2.21704
2.82	2.17453
2.83	2.13217
2.84	2.08996
2.85	2.04789
2.86	2.00597
2.87	1.9642
2.88	1.92258
2.89	1.88111
2.9	1.83978
2.91	1.79861
2.92	1.75758
2.93	1.7167
2.94	1.67598
2.95	1.6354
2.96	1.59497
2.97	1.55469
2.98	1.51456
2.99	1.47458
3	1.43475
3.01	1.39507
3.02	1.35554
3.03	1.31615
3.04	1.27692
3.05	1.23784
3.06	1.19891
3.07	1.16012
3.08	1.12149
3.09	1.083
3.1	1.04467
3.11	1.00648
3.12	0.96844
3.13	0.930549
3.14	0.892808
3.15	0.855214
3.16	0.817768
3.17	0.78047
3.18	0.74332
3.19	0.706317
3.2	0.669461
3.21	0.632752
3.22	0.596189
3.23	0.559773
3.24	0.523503
3.25	0.487379
3.26	0.4514
3.27	0.415566
3.28	0.379878
3.29	0.344334
3.3	0.308934
3.31	0.273678
3.32	0.238565
3.33	0.203596
3.34	0.16877
3.35	0.134086
3.36	0.0995439
3.37	0.0651438
3.38	0.0308851
3.39	-0.00323263
3.4	-0.0372098
3.41	-0.0710468
3.42	-0.104744
3.43	-0.138302
3.44	-0.171721
3.45	-0.205002
3.46	-0.238144
3.47	-0.271149
3.48	-0.304017
3.49	-0.336748
3.5	-0.369342
3.51	-0.401801
3.52	-0.434124
3.53	-0.466313
3.54	-0.498367
3.55	-0.530287
3.56	-0.562074
3.57	-0.593728
3.58	-0.625249
3.59	-0.656638
3.6	-0.687896
3.61	-0.719022
3.62	-0.750018
3.63	-0.780884
3.64	-0.811621
3.65	-0.842228
3.66	-0.872707
3.67	-0.903058
3.68	-0.933281
3.69	-0.963378
3.7	-0.993348
3.71	-1.02319
3.72	-1.05291
3.73	-1.0825
3.74	-1.11197
3.75	-1.14132
3.76	-1.17054
3.77	-1.19964
3.78	-1.22862
3.79	-1.25747
3.8	-1.28621
3.81	-1.31482
3.82	-1.34332
3.83	-1.37169
3.84	-1.39994
3.85	-1.42808
3.86	-1.4561
3.87	-1.484
3.88	-1.51179
3.89	-1.53946
3.9	-1.56701
3.91	-1.59445
3.92	-1.62177
3.93	-1.64898
3.94	-1.67607
3.95	-1.70306
3.96	-1.72993
3.97	-1.75668
3.98	-1.78333
3.99	-1.80987
4	-1.83629
4.01	-1.86261
4.02	-1.88882
4.03	-1.91492
4.04	-1.94091
4.05	-1.96679
4.06	-1.99257
4.07	-2.01824
4.08	-2.0438
4.09	-2.06926
4.1	-2.09461
4.11	-2.11986
4.12	-2.14501
4.13	-2.17005
4.14	-2.195
4.15	-2.21983
4.16	-2.24457
4.17	-2.26921
4.18	-2.29375
4.19	-2.31818
4.2	-2.34252
4.21	-2.36676
4.22	-2.3909
4.23	-2.41494
4.24	-2.43889
4.25	-2.46274
4.26	-2.48649
4.27	-2.51015
4.28	-2.53371
4.29	-2.55718
4.3	-2.58056
4.31	-2.60384
4.32	-2.62703
4.33	-2.65013
4.34	-2.67313
4.35	-2.69604
4.36	-2.71887
4.37	-2.7416
4.38	-2.76424
4.39	-2.7868
4.4	-2.80926
4.41	-2.83164
4.42	-2.85393
4.43	-2.87613
4.44	-2.89825
4.45	-2.92028
4.46	-2.94223
4.47	-2.96409
4.48	-2.98586
4.49	-3.00755
4.5	-3.02916
4.51	-3.05069
4.52	-3.07213
4.53	-3.09349
4.54	-3.11477
4.55	-3.13597
4.56	-3.15708
4.57	-3.17812
4.58	-3.19908
4.59	-3.21996
4.6	-3.24076
4.61	-3.26148
4.62	-3.28212
4.63	-3.30269
4.64	-3.32318
4.65	-3.3436
4.66	-3.36394
4.67	-3.3842
4.68	-3.40439
4.69	-3.42451
4.7	-3.44455
4.71	-3.46451
4.72	-3.48441
4.73	-3.50423
4.74	-3.52398
4.75	-3.54366
4.76	-3.56327
4.77	-3.58281
4.78	-3.60227
4.79	-3.62167
4.8	-3.641
4.81	-3.66026
4.82	-3.67945
4.83	-3.69857
4.84	-3.71763
4.85	-3.73662
4.86	-3.75554
4.87	-3.7744
4.88	-3.79319
4.89	-3.81191
4.9	-3.83057
4.91	-3.84917
4.92	-3.8677
4.93	-3.88617
4.94	-3.90457
4.95	-3.92292
4.96	-3.9412
4.97	-3.95942
4.98	-3.97757
4.99	-3.99567
5	-4.0137
5.01	-4.03168
5.02	-4.04959
5.03	-4.06745
5.04	-4.08524
5.05	-4.10298
5.06	-4.12066
5.07	-4.13828
5.08	-4.15584
5.09	-4.17335
5.1	-4.1908
5.11	-4.20819
5.12	-4.22553
5.13	-4.24281
5.14	-4.26004
5.15	-4.27721
5.16	-4.29432
5.17	-4.31139
5.18	-4.3284
5.19	-4.34535
5.2	-4.36226
5.21	-4.37911
5.22	-4.3959
5.23	-4.41265
5.24	-4.42934
5.25	-4.44599
5.26	-4.46258
5.27	-4.47912
5.28	-4.49561
5.29	-4.51206
5.3	-4.52845
5.31	-4.54479
5.32	-4.56109
5.33	-4.57733
5.34	-4.59353
5.35	-4.60968
5.36	-4.62579
5.37	-4.64184
5.38	-4.65785
5.39	-4.67382
5.4	-4.68973
5.41	-4.7056
5.42	-4.72143
5.43	-4.73721
5.44	-4.75295
5.45	-4.76864
5.46	-4.78429
5.47	-4.79989
5.48	-4.81545
5.49	-4.83097
5.5	-4.84644
5.51	-4.86187
5.52	-4.87726
5.53	-4.89261
5.54	-4.90791
5.55	-4.92318
5.56	-4.9384
5.57	-4.95358
5.58	-4.96872
5.59	-4.98382
5.6	-4.99889
5.61	-5.01391
5.62	-5.02889
5.63	-5.04383
5.64	-5.05874
5.65	-5.0736
5.66	-5.08843
5.67	-5.10322
5.68	-5.11797
5.69	-5.13269
5.7	-5.14737
5.71	-5.16201
5.72	-5.17661
5.73	-5.19118
5.74	-5.20571
5.75	-5.22021
5.76	-5.23467
5.77	-5.2491
5.78	-5.26349
5.79	-5.27784
5.8	-5.29216
5.81	-5.30645
5.82	-5.3207
5.83	-5.33492
5.84	-5.34911
5.85	-5.36326
5.86	-5.37738
5.87	-5.39147
5.88	-5.40552
5.89	-5.41955
5.9	-5.43354
5.91	-5.44749
5.92	-5.46142
5.93	-5.47532
5.94	-5.48918
5.95	-5.50301
5.96	-5.51682
5.97	-5.53059
5.98	-5.54433
5.99	-5.55805
6	-5.57173
6.01	-5.58538
6.02	-5.59901
6.03	-5.6126
6.04	-5.62617
6.05	-5.63971
6.06	-5.65321
6.07	-5.6667
6.08	-5.68015
6.09	-5.69357
6.1	-5.70697
6.11	-5.72034
6.12	-5.73369
6.13	-5.747
6.14	-5.76029
6.15	-5.77356
6.16	-5.78679
6.17	-5.80001
6.18	-5.81319
6.19	-5.82635
6.2	-5.83948
6.21	-5.85259
6.22	-5.86568
6.23	-5.87873
6.24	-5.89177
6.25	-5.90478
6.26	-5.91776
6.27	-5.93072
6.28	-5.94366
6.29	-5.95657
6.3	-5.96946
6.31	-5.98233
6.32	-5.99517
6.33	-6.00799
6.34	-6.02078
6.35	-6.03356
6.36	-6.04631
6.37	-6.05904
6.38	-6.07174
6.39	-6.08443
6.4	-6.09709
6.41	-6.10973
6.42	-6.12235
6.43	-6.13495
6.44	-6.14753
6.45	-6.16008
6.46	-6.17262
6.47	-6.18513
6.48	-6.19763
6.49	-6.2101
6.5	-6.22255
6.51	-6.23498
6.52	-6.2474
6.53	-6.25979
6.54	-6.27216
6.55	-6.28452
6.56	-6.29685
6.57	-6.30917
6.58	-6.32147
6.59	-6.33374
6.6	-6.346
6.61	-6.35824
6.62	-6.37047
6.63	-6.38267
6.64	-6.39486
6.65	-6.40702
6.66	-6.41917
6.67	-6.43131
6.68	-6.44342
6.69	-6.45552
6.7	-6.4676
6.71	-6.47966
6.72	-6.49171
6.73	-6.50373
6.74	-6.51575
6.75	-6.52774
6.76	-6.53972
6.77	-6.55168
6.78	-6.56363
6.79	-6.57556
6.8	-6.58747
6.81	-6.59937
6.82	-6.61126
6.83	-6.62312
6.84	-6.63497
6.85	-6.64681
6.86	-6.65863
6.87	-6.67044
6.88	-6.68223
6.89	-6.69401
6.9	-6.70577
6.91	-6.71751
6.92	-6.72925
6.93	-6.74096
6.94	-6.75267
6.95	-6.76436
6.96	-6.77603
6.97	-6.78769
6.98	-6.79934
6.99	-6.81097
7	-6.8226
7.01	-6.8342
7.02	-6.8458
7.03	-6.85738
7.04	-6.86894
7.05	-6.8805
7.06	-6.89204
7.07	-6.90356
7.08	-6.91508
7.09	-6.92658
7.1	-6.93807
7.11	-6.94955
7.12	-6.96101
7.13	-6.97247
7.14	-6.98391
7.15	-6.99534
7.16	-7.00675
7.17	-7.01816
7.18	-7.02955
7.19	-7.04093
7.2	-7.0523
7.21	-7.06366
7.22	-7.07501
7.23	-7.08634
7.24	-7.09767
7.25	-7.10898
7.26	-7.12028
7.27	-7.13157
7.28	-7.14285
7.29	-7.15412
7.3	-7.16538
7.31	-7.17663
7.32	-7.18787
7.33	-7.1991
7.34	-7.21031
7.35	-7.22152
7.36	-7.23272
7.37	-7.2439
7.38	-7.25508
7.39	-7.26625
7.4	-7.2774
7.41	-7.28855
7.42	-7.29969
7.43	-7.31082
7.44	-7.32193
7.45	-7.33304
7.46	-7.34414
7.47	-7.35523
7.48	-7.36631
7.49	-7.37738
7.5	-7.38845
7.51	-7.3995
7.52	-7.41055
7.53	-7.42158
7.54	-7.43261
7.55	-7.44363
7.56	-7.45464
7.57	-7.46564
7.58	-7.47663
7.59	-7.48762
7.6	-7.49859
7.61	-7.50956
7.62	-7.52052
7.63	-7.53147
7.64	-7.54241
7.65	-7.55335
7.66	-7.56428
7.67	-7.57519
7.68	-7.58611
7.69	-7.59701
7.7	-7.60791
7.71	-7.6188
7.72	-7.62968
7.73	-7.64055
7.74	-7.65142
7.75	-7.66227
7.76	-7.67313
7.77	-7.68397
7.78	-7.69481
7.79	-7.70564
7.8	-7.71646
7.81	-7.72727
7.82	-7.73808
7.83	-7.74888
7.84	-7.75968
7.85	-7.77047
7.86	-7.78125
7.87	-7.79202
7.88	-7.80279
7.89	-7.81355
7.9	-7.82431
7.91	-7.83506
7.92	-7.8458
7.93	-7.85654
7.94	-7.86726
7.95	-7.87799
7.96	-7.88871
7.97	-7.89942
7.98	-7.91012
7.99	-7.92082
8	-7.93151
8.01	-7.9422
8.02	-7.95288
8.03	-7.96356
8.04	-7.97423
8.05	-7.98489
8.06	-7.99555
8.07	-8.0062
8.08	-8.01685
8.09	-8.02749
8.1	-8.03812
8.11	-8.04875
8.12	-8.05938
8.13	-8.07
8.14	-8.08061
8.15	-8.09122
8.16	-8.10182
8.17	-8.11242
8.18	-8.12301
8.19	-8.1336
8.2	-8.14419
8.21	-8.15476
8.22	-8.16534
8.23	-8.1759
8.24	-8.18647
8.25	-8.19703
8.26	-8.20758
8.27	-8.21813
8.28	-8.22867
8.29	-8.23921
8.3	-8.24975
8.31	-8.26028
8.32	-8.2708
8.33	-8.28132
8.34	-8.29184
8.35	-8.30235
8.36	-8.31286
8.37	-8.32336
8.38	-8.33386
8.39	-8.34435
8.4	-8.35485
8.41	-8.36533
8.42	-8.37581
8.43	-8.38629
8.44	-8.39676
8.45	-8.40723
8.46	-8.4177
8.47	-8.42816
8.48	-8.43862
8.49	-8.44907
8.5	-8.45952
8.51	-8.46997
8.52	-8.48041
8.53	-8.49084
8.54	-8.50128
8.55	-8.51171
8.56	-8.52214
8.57	-8.53256
8.58	-8.54298
8.59	-8.55339
8.6	-8.5638
8.61	-8.57421
8.62	-8.58462
8.63	-8.59502
8.64	-8.60542
8.65	-8.61581
8.66	-8.6262
8.67	-8.63659
8.68	-8.64697
8.69	-8.65735
8.7	-8.66773
8.71	-8.67811
8.72	-8.68848
8.73	-8.69884
8.74	-8.70921
8.75	-8.71957
8.76	-8.72993
8.77	-8.74028
8.78	-8.75064
8.79	-8.76098
8.8	-8.77133
8.81	-8.78167
8.82	-8.79201
8.83	-8.80235
8.84	-8.81268
8.85	-8.82301
8.86	-8.83334
8.87	-8.84367
8.88	-8.85399
8.89	-8.86431
8.9	-8.87463
8.91	-8.88494
8.92	-8.89525
8.93	-8.90556
8.94	-8.91587
8.95	-8.92617
8.96	-8.93647
8.97	-8.94677
8.98	-8.95706
8.99	-8.96736
9	-8.97765
9.01	-8.98793
9.02	-8.99822
9.03	-9.0085
9.04	-9.01878
9.05	-9.02906
9.06	-9.03933
9.07	-9.04961
9.08	-9.05988
9.09	-9.07015
9.1	-9.08041
9.11	-9.09068
9.12	-9.10094
9.13	-9.11119
9.14	-9.12145
9.15	-9.13171
9.16	-9.14196
9.17	-9.15221
9.18	-9.16246
9.19	-9.1727
9.2	-9.18294
9.21	-9.19319
9.22	-9.20342
9.23	-9.21366
9.24	-9.2239
9.25	-9.23413
9.26	-9.24436
9.27	-9.25459
9.28	-9.26482
9.29	-9.27504
9.3	-9.28526
9.31	-9.29548
9.32	-9.3057
9.33	-9.31592
9.34	-9.32613
9.35	-9.33635
9.36	-9.34656
9.37	-9.35677
9.38	-9.36698
9.39	-9.37718
9.4	-9.38739
9.41	-9.39759
9.42	-9.40779
9.43	-9.41799
9.44	-9.42818
9.45	-9.43838
9.46	-9.44857
9.47	-9.45876
9.48	-9.46895
9.49	-9.47914
9.5	-9.48933
9.51	-9.49951
9.52	-9.5097
9.53	-9.51988
9.54	-9.53006
9.55	-9.54024
9.56	-9.55041
9.57	-9.56059
9.58	-9.57076
9.59	-9.58094
9.6	-9.59111
9.61	-9.60128
9.62	-9.61144
9.63	-9.62161
9.64	-9.63177
9.65	-9.64194
9.66	-9.6521
9.67	-9.66226
9.68	-9.67242
9.69	-9.68258
9.7	-9.69273
9.71	-9.70289
9.72	-9.71304
9.73	-9.72319
9.74	-9.73334
9.75	-9.74349
9.76	-9.75364
9.77	-9.76379
9.78	-9.77393
9.79	-9.78408
9.8	-9.79422
9.81	-9.80436
9.82	-9.8145
9.83	-9.82464
9.84	-9.83478
9.85	-9.84492
9.86	-9.85505
9.87	-9.86519
9.88	-9.87532
9.89	-9.88545
9.9	-9.89558
9.91	-9.90571
9.92	-9.91584
9.93	-9.92597
9.94	-9.9361
9.95	-9.94622
9.96	-9.95634
9.97	-9.96647
9.98	-9.97659
9.99	-9.98671
10	-9.99683
